1000 101
980 99
960 97
940 95
920 93
900 91
880 89
860 87
840 85
820 83
800 81
780 79
760 77
740 75
720 73
700 71
680 69
660 67
640 65
620 63
600 61
580 59
560 57
540 55
520 53
500 51
480 49
460 47
440 45
420 43
400 41
380 39
360 37
340 35
320 33
300 31
280 29
260 27
240 25
220 23
200 21
180 19
160 17
140 15
120 13
100 11
80 9
60 7
40 5
20 3
0 1
1000 2652
950 96
930 94
910 92
890 90
870 88
850 86
830 84
810 82
790 80
770 78
750 76
730 74
710 72
690 70
670 68
650 66
630 64
610 62
590 60
570 58
550 56
530 54
510 52
490 50
470 48
450 46
430 44
410 42
390 40
370 38
350 36
330 34
310 32
290 30
270 28
250 26
230 24
210 22
190 20
170 18
150 16
130 14
110 12
90 10
70 8
50 6
30 4
10 2
950 2400
900 91
880 89
860 87
840 85
820 83
800 81
780 79
760 77
740 75
720 73
700 71
680 69
660 67
640 65
620 63
600 61
580 59
560 57
540 55
520 53
500 51
480 49
460 47
440 45
420 43
400 41
380 39
360 37
340 35
320 33
300 31
280 29
260 27
240 25
220 23
200 21
180 19
160 17
140 15
120 13
100 11
80 9
60 7
40 5
20 3
0 1
900 2162
850 86
830 84
810 82
790 80
770 78
750 76
730 74
710 72
690 70
670 68
650 66
630 64
610 62
590 60
570 58
550 56
530 54
510 52
490 50
470 48
450 46
430 44
410 42
390 40
370 38
350 36
330 34
310 32
290 30
270 28
250 26
230 24
210 22
190 20
170 18
150 16
130 14
110 12
90 10
70 8
50 6
30 4
10 2
850 1935
800 81
780 79
760 77
740 75
720 73
700 71
680 69
660 67
640 65
620 63
600 61
580 59
560 57
540 55
520 53
500 51
480 49
460 47
440 45
420 43
400 41
380 39
360 37
340 35
320 33
300 31
280 29
260 27
240 25
220 23
200 21
180 19
160 17
140 15
120 13
100 11
80 9
60 7
40 5
20 3
0 1
800 1722
750 76
730 74
710 72
690 70
670 68
650 66
630 64
610 62
590 60
570 58
550 56
530 54
510 52
490 50
470 48
450 46
430 44
410 42
390 40
370 38
350 36
330 34
310 32
290 30
270 28
250 26
230 24
210 22
190 20
170 18
150 16
130 14
110 12
90 10
70 8
50 6
30 4
10 2
750 1520
700 71
680 69
660 67
640 65
620 63
600 61
580 59
560 57
540 55
520 53
500 51
480 49
460 47
440 45
420 43
400 41
380 39
360 37
340 35
320 33
300 31
280 29
260 27
240 25
220 23
200 21
180 19
160 17
140 15
120 13
100 11
80 9
60 7
40 5
20 3
0 1
700 1332
650 66
630 64
610 62
590 60
570 58
550 56
530 54
510 52
490 50
470 48
450 46
430 44
410 42
390 40
370 38
350 36
330 34
310 32
290 30
270 28
250 26
230 24
210 22
190 20
170 18
150 16
130 14
110 12
90 10
70 8
50 6
30 4
10 2
650 1155
600 61
580 59
560 57
540 55
520 53
500 51
480 49
460 47
440 45
420 43
400 41
380 39
360 37
340 35
320 33
300 31
280 29
260 27
240 25
220 23
200 21
180 19
160 17
140 15
120 13
100 11
80 9
60 7
40 5
20 3
0 1
600 992
550 56
530 54
510 52
490 50
470 48
450 46
430 44
410 42
390 40
370 38
350 36
330 34
310 32
290 30
270 28
250 26
230 24
210 22
190 20
170 18
150 16
130 14
110 12
90 10
70 8
50 6
30 4
10 2
550 840
500 51
480 49
460 47
440 45
420 43
400 41
380 39
360 37
340 35
320 33
300 31
280 29
260 27
240 25
220 23
200 21
180 19
160 17
140 15
120 13
100 11
80 9
60 7
40 5
20 3
0 1
500 702
450 46
430 44
410 42
390 40
370 38
350 36
330 34
310 32
290 30
270 28
250 26
230 24
210 22
190 20
170 18
150 16
130 14
110 12
90 10
70 8
50 6
30 4
10 2
450 575
400 41
380 39
360 37
340 35
320 33
300 31
280 29
260 27
240 25
220 23
200 21
180 19
160 17
140 15
120 13
100 11
80 9
60 7
40 5
20 3
0 1
400 462
350 36
330 34
310 32
290 30
270 28
250 26
230 24
210 22
190 20
170 18
150 16
130 14
110 12
90 10
70 8
50 6
30 4
10 2
350 360
300 31
280 29
260 27
240 25
220 23
200 21
180 19
160 17
140 15
120 13
100 11
80 9
60 7
40 5
20 3
0 1
300 272
250 26
230 24
210 22
190 20
170 18
150 16
130 14
110 12
90 10
70 8
50 6
30 4
10 2
250 195
200 21
180 19
160 17
140 15
120 13
100 11
80 9
60 7
40 5
20 3
0 1
200 132
150 16
130 14
110 12
90 10
70 8
50 6
30 4
10 2
150 80
100 11
80 9
60 7
40 5
20 3
0 1
100 42
50 6
30 4
10 2
50 15
0 1
0 2
1000 19568
900 91
880 89
860 87
840 85
820 83
800 81
780 79
760 77
740 75
720 73
700 71
680 69
660 67
640 65
620 63
600 61
580 59
560 57
540 55
520 53
500 51
480 49
460 47
440 45
420 43
400 41
380 39
360 37
340 35
320 33
300 31
280 29
260 27
240 25
220 23
200 21
180 19
160 17
140 15
120 13
100 11
80 9
60 7
40 5
20 3
0 1
900 2162
850 86
830 84
810 82
790 80
770 78
750 76
730 74
710 72
690 70
670 68
650 66
630 64
610 62
590 60
570 58
550 56
530 54
510 52
490 50
470 48
450 46
430 44
410 42
390 40
370 38
350 36
330 34
310 32
290 30
270 28
250 26
230 24
210 22
190 20
170 18
150 16
130 14
110 12
90 10
70 8
50 6
30 4
10 2
850 1935
800 81
780 79
760 77
740 75
720 73
700 71
680 69
660 67
640 65
620 63
600 61
580 59
560 57
540 55
520 53
500 51
480 49
460 47
440 45
420 43
400 41
380 39
360 37
340 35
320 33
300 31
280 29
260 27
240 25
220 23
200 21
180 19
160 17
140 15
120 13
100 11
80 9
60 7
40 5
20 3
0 1
800 1722
750 76
730 74
710 72
690 70
670 68
650 66
630 64
610 62
590 60
570 58
550 56
530 54
510 52
490 50
470 48
450 46
430 44
410 42
390 40
370 38
350 36
330 34
310 32
290 30
270 28
250 26
230 24
210 22
190 20
170 18
150 16
130 14
110 12
90 10
70 8
50 6
30 4
10 2
750 1520
700 71
680 69
660 67
640 65
620 63
600 61
580 59
560 57
540 55
520 53
500 51
480 49
460 47
440 45
420 43
400 41
380 39
360 37
340 35
320 33
300 31
280 29
260 27
240 25
220 23
200 21
180 19
160 17
140 15
120 13
100 11
80 9
60 7
40 5
20 3
0 1
700 1332
650 66
630 64
610 62
590 60
570 58
550 56
530 54
510 52
490 50
470 48
450 46
430 44
410 42
390 40
370 38
350 36
330 34
310 32
290 30
270 28
250 26
230 24
210 22
190 20
170 18
150 16
130 14
110 12
90 10
70 8
50 6
30 4
10 2
650 1155
600 61
580 59
560 57
540 55
520 53
500 51
480 49
460 47
440 45
420 43
400 41
380 39
360 37
340 35
320 33
300 31
280 29
260 27
240 25
220 23
200 21
180 19
160 17
140 15
120 13
100 11
80 9
60 7
40 5
20 3
0 1
600 992
550 56
530 54
510 52
490 50
470 48
450 46
430 44
410 42
390 40
370 38
350 36
330 34
310 32
290 30
270 28
250 26
230 24
210 22
190 20
170 18
150 16
130 14
110 12
90 10
70 8
50 6
30 4
10 2
550 840
500 51
480 49
460 47
440 45
420 43
400 41
380 39
360 37
340 35
320 33
300 31
280 29
260 27
240 25
220 23
200 21
180 19
160 17
140 15
120 13
100 11
80 9
60 7
40 5
20 3
0 1
500 702
450 46
430 44
410 42
390 40
370 38
350 36
330 34
310 32
290 30
270 28
250 26
230 24
210 22
190 20
170 18
150 16
130 14
110 12
90 10
70 8
50 6
30 4
10 2
450 575
400 41
380 39
360 37
340 35
320 33
300 31
280 29
260 27
240 25
220 23
200 21
180 19
160 17
140 15
120 13
100 11
80 9
60 7
40 5
20 3
0 1
400 462
350 36
330 34
310 32
290 30
270 28
250 26
230 24
210 22
190 20
170 18
150 16
130 14
110 12
90 10
70 8
50 6
30 4
10 2
350 360
300 31
280 29
260 27
240 25
220 23
200 21
180 19
160 17
140 15
120 13
100 11
80 9
60 7
40 5
20 3
0 1
300 272
250 26
230 24
210 22
190 20
170 18
150 16
130 14
110 12
90 10
70 8
50 6
30 4
10 2
250 195
200 21
180 19
160 17
140 15
120 13
100 11
80 9
60 7
40 5
20 3
0 1
200 132
150 16
130 14
110 12
90 10
70 8
50 6
30 4
10 2
150 80
100 11
80 9
60 7
40 5
20 3
0 1
100 42
50 6
30 4
10 2
50 15
0 1
0 2
900 14514
800 81
780 79
760 77
740 75
720 73
700 71
680 69
660 67
640 65
620 63
600 61
580 59
560 57
540 55
520 53
500 51
480 49
460 47
440 45
420 43
400 41
380 39
360 37
340 35
320 33
300 31
280 29
260 27
240 25
220 23
200 21
180 19
160 17
140 15
120 13
100 11
80 9
60 7
40 5
20 3
0 1
800 1722
750 76
730 74
710 72
690 70
670 68
650 66
630 64
610 62
590 60
570 58
550 56
530 54
510 52
490 50
470 48
450 46
430 44
410 42
390 40
370 38
350 36
330 34
310 32
290 30
270 28
250 26
230 24
210 22
190 20
170 18
150 16
130 14
110 12
90 10
70 8
50 6
30 4
10 2
750 1520
700 71
680 69
660 67
640 65
620 63
600 61
580 59
560 57
540 55
520 53
500 51
480 49
460 47
440 45
420 43
400 41
380 39
360 37
340 35
320 33
300 31
280 29
260 27
240 25
220 23
200 21
180 19
160 17
140 15
120 13
100 11
80 9
60 7
40 5
20 3
0 1
700 1332
650 66
630 64
610 62
590 60
570 58
550 56
530 54
510 52
490 50
470 48
450 46
430 44
410 42
390 40
370 38
350 36
330 34
310 32
290 30
270 28
250 26
230 24
210 22
190 20
170 18
150 16
130 14
110 12
90 10
70 8
50 6
30 4
10 2
650 1155
600 61
580 59
560 57
540 55
520 53
500 51
480 49
460 47
440 45
420 43
400 41
380 39
360 37
340 35
320 33
300 31
280 29
260 27
240 25
220 23
200 21
180 19
160 17
140 15
120 13
100 11
80 9
60 7
40 5
20 3
0 1
600 992
550 56
530 54
510 52
490 50
470 48
450 46
430 44
410 42
390 40
370 38
350 36
330 34
310 32
290 30
270 28
250 26
230 24
210 22
190 20
170 18
150 16
130 14
110 12
90 10
70 8
50 6
30 4
10 2
550 840
500 51
480 49
460 47
440 45
420 43
400 41
380 39
360 37
340 35
320 33
300 31
280 29
260 27
240 25
220 23
200 21
180 19
160 17
140 15
120 13
100 11
80 9
60 7
40 5
20 3
0 1
500 702
450 46
430 44
410 42
390 40
370 38
350 36
330 34
310 32
290 30
270 28
250 26
230 24
210 22
190 20
170 18
150 16
130 14
110 12
90 10
70 8
50 6
30 4
10 2
450 575
400 41
380 39
360 37
340 35
320 33
300 31
280 29
260 27
240 25
220 23
200 21
180 19
160 17
140 15
120 13
100 11
80 9
60 7
40 5
20 3
0 1
400 462
350 36
330 34
310 32
290 30
270 28
250 26
230 24
210 22
190 20
170 18
150 16
130 14
110 12
90 10
70 8
50 6
30 4
10 2
350 360
300 31
280 29
260 27
240 25
220 23
200 21
180 19
160 17
140 15
120 13
100 11
80 9
60 7
40 5
20 3
0 1
300 272
250 26
230 24
210 22
190 20
170 18
150 16
130 14
110 12
90 10
70 8
50 6
30 4
10 2
250 195
200 21
180 19
160 17
140 15
120 13
100 11
80 9
60 7
40 5
20 3
0 1
200 132
150 16
130 14
110 12
90 10
70 8
50 6
30 4
10 2
150 80
100 11
80 9
60 7
40 5
20 3
0 1
100 42
50 6
30 4
10 2
50 15
0 1
0 2
800 10415
700 71
680 69
660 67
640 65
620 63
600 61
580 59
560 57
540 55
520 53
500 51
480 49
460 47
440 45
420 43
400 41
380 39
360 37
340 35
320 33
300 31
280 29
260 27
240 25
220 23
200 21
180 19
160 17
140 15
120 13
100 11
80 9
60 7
40 5
20 3
0 1
700 1332
650 66
630 64
610 62
590 60
570 58
550 56
530 54
510 52
490 50
470 48
450 46
430 44
410 42
390 40
370 38
350 36
330 34
310 32
290 30
270 28
250 26
230 24
210 22
190 20
170 18
150 16
130 14
110 12
90 10
70 8
50 6
30 4
10 2
650 1155
600 61
580 59
560 57
540 55
520 53
500 51
480 49
460 47
440 45
420 43
400 41
380 39
360 37
340 35
320 33
300 31
280 29
260 27
240 25
220 23
200 21
180 19
160 17
140 15
120 13
100 11
80 9
60 7
40 5
20 3
0 1
600 992
550 56
530 54
510 52
490 50
470 48
450 46
430 44
410 42
390 40
370 38
350 36
330 34
310 32
290 30
270 28
250 26
230 24
210 22
190 20
170 18
150 16
130 14
110 12
90 10
70 8
50 6
30 4
10 2
550 840
500 51
480 49
460 47
440 45
420 43
400 41
380 39
360 37
340 35
320 33
300 31
280 29
260 27
240 25
220 23
200 21
180 19
160 17
140 15
120 13
100 11
80 9
60 7
40 5
20 3
0 1
500 702
450 46
430 44
410 42
390 40
370 38
350 36
330 34
310 32
290 30
270 28
250 26
230 24
210 22
190 20
170 18
150 16
130 14
110 12
90 10
70 8
50 6
30 4
10 2
450 575
400 41
380 39
360 37
340 35
320 33
300 31
280 29
260 27
240 25
220 23
200 21
180 19
160 17
140 15
120 13
100 11
80 9
60 7
40 5
20 3
0 1
400 462
350 36
330 34
310 32
290 30
270 28
250 26
230 24
210 22
190 20
170 18
150 16
130 14
110 12
90 10
70 8
50 6
30 4
10 2
350 360
300 31
280 29
260 27
240 25
220 23
200 21
180 19
160 17
140 15
120 13
100 11
80 9
60 7
40 5
20 3
0 1
300 272
250 26
230 24
210 22
190 20
170 18
150 16
130 14
110 12
90 10
70 8
50 6
30 4
10 2
250 195
200 21
180 19
160 17
140 15
120 13
100 11
80 9
60 7
40 5
20 3
0 1
200 132
150 16
130 14
110 12
90 10
70 8
50 6
30 4
10 2
150 80
100 11
80 9
60 7
40 5
20 3
0 1
100 42
50 6
30 4
10 2
50 15
0 1
0 2
700 7171
600 61
580 59
560 57
540 55
520 53
500 51
480 49
460 47
440 45
420 43
400 41
380 39
360 37
340 35
320 33
300 31
280 29
260 27
240 25
220 23
200 21
180 19
160 17
140 15
120 13
100 11
80 9
60 7
40 5
20 3
0 1
600 992
550 56
530 54
510 52
490 50
470 48
450 46
430 44
410 42
390 40
370 38
350 36
330 34
310 32
290 30
270 28
250 26
230 24
210 22
190 20
170 18
150 16
130 14
110 12
90 10
70 8
50 6
30 4
10 2
550 840
500 51
480 49
460 47
440 45
420 43
400 41
380 39
360 37
340 35
320 33
300 31
280 29
260 27
240 25
220 23
200 21
180 19
160 17
140 15
120 13
100 11
80 9
60 7
40 5
20 3
0 1
500 702
450 46
430 44
410 42
390 40
370 38
350 36
330 34
310 32
290 30
270 28
250 26
230 24
210 22
190 20
170 18
150 16
130 14
110 12
90 10
70 8
50 6
30 4
10 2
450 575
400 41
380 39
360 37
340 35
320 33
300 31
280 29
260 27
240 25
220 23
200 21
180 19
160 17
140 15
120 13
100 11
80 9
60 7
40 5
20 3
0 1
400 462
350 36
330 34
310 32
290 30
270 28
250 26
230 24
210 22
190 20
170 18
150 16
130 14
110 12
90 10
70 8
50 6
30 4
10 2
350 360
300 31
280 29
260 27
240 25
220 23
200 21
180 19
160 17
140 15
120 13
100 11
80 9
60 7
40 5
20 3
0 1
300 272
250 26
230 24
210 22
190 20
170 18
150 16
130 14
110 12
90 10
70 8
50 6
30 4
10 2
250 195
200 21
180 19
160 17
140 15
120 13
100 11
80 9
60 7
40 5
20 3
0 1
200 132
150 16
130 14
110 12
90 10
70 8
50 6
30 4
10 2
150 80
100 11
80 9
60 7
40 5
20 3
0 1
100 42
50 6
30 4
10 2
50 15
0 1
0 2
600 4682
500 51
480 49
460 47
440 45
420 43
400 41
380 39
360 37
340 35
320 33
300 31
280 29
260 27
240 25
220 23
200 21
180 19
160 17
140 15
120 13
100 11
80 9
60 7
40 5
20 3
0 1
500 702
450 46
430 44
410 42
390 40
370 38
350 36
330 34
310 32
290 30
270 28
250 26
230 24
210 22
190 20
170 18
150 16
130 14
110 12
90 10
70 8
50 6
30 4
10 2
450 575
400 41
380 39
360 37
340 35
320 33
300 31
280 29
260 27
240 25
220 23
200 21
180 19
160 17
140 15
120 13
100 11
80 9
60 7
40 5
20 3
0 1
400 462
350 36
330 34
310 32
290 30
270 28
250 26
230 24
210 22
190 20
170 18
150 16
130 14
110 12
90 10
70 8
50 6
30 4
10 2
350 360
300 31
280 29
260 27
240 25
220 23
200 21
180 19
160 17
140 15
120 13
100 11
80 9
60 7
40 5
20 3
0 1
300 272
250 26
230 24
210 22
190 20
170 18
150 16
130 14
110 12
90 10
70 8
50 6
30 4
10 2
250 195
200 21
180 19
160 17
140 15
120 13
100 11
80 9
60 7
40 5
20 3
0 1
200 132
150 16
130 14
110 12
90 10
70 8
50 6
30 4
10 2
150 80
100 11
80 9
60 7
40 5
20 3
0 1
100 42
50 6
30 4
10 2
50 15
0 1
0 2
500 2848
400 41
380 39
360 37
340 35
320 33
300 31
280 29
260 27
240 25
220 23
200 21
180 19
160 17
140 15
120 13
100 11
80 9
60 7
40 5
20 3
0 1
400 462
350 36
330 34
310 32
290 30
270 28
250 26
230 24
210 22
190 20
170 18
150 16
130 14
110 12
90 10
70 8
50 6
30 4
10 2
350 360
300 31
280 29
260 27
240 25
220 23
200 21
180 19
160 17
140 15
120 13
100 11
80 9
60 7
40 5
20 3
0 1
300 272
250 26
230 24
210 22
190 20
170 18
150 16
130 14
110 12
90 10
70 8
50 6
30 4
10 2
250 195
200 21
180 19
160 17
140 15
120 13
100 11
80 9
60 7
40 5
20 3
0 1
200 132
150 16
130 14
110 12
90 10
70 8
50 6
30 4
10 2
150 80
100 11
80 9
60 7
40 5
20 3
0 1
100 42
50 6
30 4
10 2
50 15
0 1
0 2
400 1569
300 31
280 29
260 27
240 25
220 23
200 21
180 19
160 17
140 15
120 13
100 11
80 9
60 7
40 5
20 3
0 1
300 272
250 26
230 24
210 22
190 20
170 18
150 16
130 14
110 12
90 10
70 8
50 6
30 4
10 2
250 195
200 21
180 19
160 17
140 15
120 13
100 11
80 9
60 7
40 5
20 3
0 1
200 132
150 16
130 14
110 12
90 10
70 8
50 6
30 4
10 2
150 80
100 11
80 9
60 7
40 5
20 3
0 1
100 42
50 6
30 4
10 2
50 15
0 1
0 2
300 745
200 21
180 19
160 17
140 15
120 13
100 11
80 9
60 7
40 5
20 3
0 1
200 132
150 16
130 14
110 12
90 10
70 8
50 6
30 4
10 2
150 80
100 11
80 9
60 7
40 5
20 3
0 1
100 42
50 6
30 4
10 2
50 15
0 1
0 2
200 276
100 11
80 9
60 7
40 5
20 3
0 1
100 42
50 6
30 4
10 2
50 15
0 1
0 2
100 62
0 1
0 2
0 3
1000 61864
